[gd_scene load_steps=7 format=3 uid="uid://d0nswml02jxxm"]

[ext_resource type="PackedScene" uid="uid://xmi11xf03h4g" path="res://Scenes/Enemy.tscn" id="1_kejgw"]
[ext_resource type="PackedScene" uid="uid://g2vjnoq8p7n1" path="res://Scenes/Player.tscn" id="2_8u3dk"]

[sub_resource type="NavigationMesh" id="NavigationMesh_8u3dk"]
vertices = PackedVector3Array(-135.835, 0.5, -211, -134.335, 0.5, -212, -134.335, 0.5, -255.5, -191.585, 0.5, -255.5, -191.585, 0.5, -210.5, -135.835, 0.5, -210.5, -133.585, 0.5, -211.75, -133.085, 0.5, -210.25, -117.085, 0.5, -166.5, -116.835, 0.5, -166.5, -56.0851, 0.5, -176.25, -56.0851, 0.5, -177.25, -54.8351, 0.5, -178, -54.8351, 0.5, -255.5, 19.6649, 0.5, -129.75, 21.9149, 0.5, -127.5, 22.1649, 0.5, -127.5, 22.1649, 0.5, -255.5, -53.5851, 0.5, -177.25, -53.5851, 0.5, -176.25, 90.4149, 0.5, -214, 91.9149, 0.5, -214.75, 91.9149, 0.5, -255.5, 22.9149, 0.5, -127.5, 23.1649, 0.5, -127, 90.4149, 0.5, -213.25, 124.665, 0.5, -124.75, 141.165, 0.5, -111, 141.915, 0.5, -111, 93.1649, 0.5, -213.75, 142.665, 0.5, -109.5, 191.415, 0.5, -109.5, 191.415, 0.5, -255.5, 93.1649, 0.5, -213, 91.9149, 0.5, -212, 23.6649, 0.5, -126, -123.085, 0.5, -160, -123.085, 0.5, -160.5, -134.335, 0.5, -209.25, -191.585, 0.5, -160, -112.085, 0.5, -161.75, -55.0851, 0.5, -175.25, -54.0851, 0.5, -87.5, -39.3351, 0.5, -72.75, -38.3351, 0.5, -73.75, -54.5851, 0.5, -175.25, -112.085, 0.5, -161.25, -117.085, 6.5, -165.25, -122.085, 6.5, -160.25, -118.585, 6.5, -156.5, -118.085, 6.5, -156.5, -113.335, 6.5, -161.25, -113.335, 6.5, -161.75, -117.085, 0.5, -164.75, -121.585, 0.5, -160.25, -118.585, 0.5, -157, -118.085, 0.5, -157, -113.835, 0.5, -161.25, -113.835, 0.5, -161.75, -40.5851, 0.5, -71.25, -39.3351, 0.5, -72, -119.085, 0.5, -67.25, -117.835, 0.5, -155.25, -118.585, 0.5, -155.25, -140.085, 0.5, -45.5, -139.335, 0.5, -44.5, -141.335, 0.5, -45.5, -191.585, 0.5, -44.25, -142.085, 0.5, -44.25, -123.085, 0.5, -159.5, 20.9149, 0.5, -126.75, 20.9149, 0.5, -126, -37.8351, 0.5, -73.75, -36.8351, 0.5, -73, -36.8351, 0.5, -72, -3.33508, 0.5, -30, -2.08508, 0.5, -30, 21.9149, 0.5, -125, -1.58508, 0.5, -29.25, 139.915, 0.5, -109.75, 22.9149, 0.5, -125.25, -1.83508, 0.5, -28, 12.6649, 0.5, -18, 13.4149, 0.5, -18, 14.1649, 0.5, -17.25, 14.1649, 0.5, -16.25, 101.415, 0.5, -1, 101.915, 0.5, -1, 139.915, 0.5, -109.5, 142.165, 0.5, -108.5, 140.915, 0.5, -108.25, 102.915, 0.5, 0.25, 191.415, 0.5, 0.25, -39.0851, 0.5, -71.5, -70.0851, 0.5, -24.25, -69.5851, 0.5, -23.75, -37.5851, 0.5, -71, -3.83508, 0.5, -29.5, -11.5851, 0.5, -14.5, -10.3351, 0.5, -14.25, -4.08508, 0.5, -28.25, -69.8351, 0.5, -22.5, -139.335, 0.5, -44, -71.3351, 0.5, -24.5, -122.585, 0.5, -25, -140.335, 0.5, -43, -141.335, 0.5, -43, -191.585, 0.5, 66.75, -150.085, 0.5, 66.75, -149.835, 0.5, 65.5, -81.0851, 0.5, -0.25, -81.0851, 0.5, -1, -80.0851, 0.5, 0.75, -148.085, 0.5, 65.5, -147.835, 0.5, 66, -71.8351, 0.5, -24, -9.83508, 0.5, -13.75, -3.58508, 0.5, -27.75, 6.66492, 0.5, -8.25, 6.91492, 0.5, -7.75, 12.6649, 0.5, -15.25, 11.6649, 0.5, -16, 5.66492, 0.5, -8.25, -2.08508, 0.5, -27.5, -10.0851, 0.5, -12.75, 5.16492, 0.5, -7.75, 11.6649, 0.5, -17.25, -79.5851, 0.5, -2, -72.0851, 0.5, -22.75, -78.3351, 0.5, -0.75, -71.5851, 0.5, -22.25, -22.3351, 0.5, 0, -20.5851, 0.5, 2, -19.5851, 0.5, 2.25, -12.3351, 0.5, -12.75, -12.3351, 0.5, -14, -70.3351, 0.5, -22, -78.3351, 0.5, -0.5, 13.4149, 0.5, -15.25, 7.41492, 0.5, -6.75, 18.9149, 0.5, 2.25, 19.6649, 0.5, 3.25, 100.415, 0.5, -0.25, 17.6649, 0.5, 2.5, 101.165, 0.5, 1.75, 100.415, 0.5, 1, -18.8351, 0.5, 3, -11.8351, 0.5, -12.25, 4.66492, 0.5, -7.25, -10.8351, 0.5, -12, -11.0851, 0.5, 18.75, 4.16492, 0.5, 13.75, 4.16492, 0.5, 13, -12.3351, 0.5, 18.5, 4.66492, 0.5, -6.5, -19.0851, 0.5, 3.75, 5.41492, 0.5, 12.25, 5.66492, 0.5, -5.5, 17.1649, 0.5, 2.75, 6.41492, 0.5, -5.5, 6.91492, 0.5, 13.5, 17.1649, 0.5, 4, 18.1649, 0.5, 4.75, -220.335, 2.25, -0.5, -219.585, 2.25, -0.25, -220.585, 2.25, -2.75, -221.085, 2.25, -2.5, -21.5851, 0.5, 3.25, -79.5851, 0.5, 0.75, 147.665, 0.5, 83, 148.915, 0.5, 83.75, 149.915, 0.5, 82.75, 137.415, 0.5, 72.5, 150.915, 0.5, 82.75, 191.415, 0.5, 84.25, 102.915, 0.5, 0.75, 151.665, 0.5, 84.25, -12.8351, 0.5, 19, -19.8351, 0.5, 4.5, -21.3351, 0.5, 4.25, -13.0851, 0.5, 20.5, 5.66492, 0.5, 27.75, 5.91492, 0.5, 26.5, -11.3351, 0.5, 21, 6.91492, 0.5, 28.5, 5.66492, 0.5, 50.75, 5.91492, 0.5, 49.5, 6.91492, 0.5, 49, -147.835, 0.5, 67.5, -148.335, 0.5, 67.75, -39.3351, 0.5, 142.75, -39.0851, 0.5, 142.75, 101.915, 0.5, 1.75, 5.91492, 0.5, 15, 6.41492, 0.5, 26, 7.66492, 0.5, 26, 8.16492, 0.5, 26.5, 18.9149, 0.5, 4.75, 19.6649, 0.5, 4, 8.16492, 0.5, 49.75, 101.415, 0.5, 1.75, 7.91492, 0.5, 28.25, 8.16492, 0.5, 50.75, 40.4149, 0.5, 82.75, -10.5851, 0.5, 19.25, 5.16492, 0.5, 15, -10.5851, 0.5, 20.25, -37.8351, 0.5, 144, 6.16492, 0.5, 51.25, 7.66492, 0.5, 51.5, -37.8351, 0.5, 144.5, 44.4149, 0.5, 179.25, -149.835, 0.5, 67.75, -191.585, 0.5, 144.25, -40.5851, 0.5, 144.25, 44.6649, 0.5, 180, 45.4149, 0.5, 180, 150.165, 0.5, 85.5, 148.915, 0.5, 84.5, 46.4149, 0.5, 181, 191.415, 0.5, 181, -39.3351, 0.5, 255.5, -39.3351, 0.5, 145.5, -40.0851, 0.5, 145.25, -191.585, 0.5, 255.5, 43.6649, 0.5, 181, -38.8351, 0.5, 145.5, 45.1649, 0.5, 255.5, 45.1649, 0.5, 182.5, 43.9149, 0.5, 182, 46.4149, 0.5, 181.75, 191.415, 0.5, 255.5)
polygons = [PackedInt32Array(1, 0, 2), PackedInt32Array(2, 0, 4), PackedInt32Array(2, 4, 3), PackedInt32Array(0, 5, 4), PackedInt32Array(6, 1, 2), PackedInt32Array(7, 6, 2), PackedInt32Array(9, 8, 7), PackedInt32Array(11, 10, 9), PackedInt32Array(11, 9, 12), PackedInt32Array(12, 9, 7), PackedInt32Array(12, 7, 2), PackedInt32Array(12, 2, 13), PackedInt32Array(15, 14, 16), PackedInt32Array(16, 14, 17), PackedInt32Array(13, 18, 12), PackedInt32Array(14, 19, 18), PackedInt32Array(13, 17, 18), PackedInt32Array(18, 17, 14), PackedInt32Array(21, 20, 22), PackedInt32Array(22, 20, 17), PackedInt32Array(23, 25, 24), PackedInt32Array(20, 25, 17), PackedInt32Array(17, 25, 23), PackedInt32Array(17, 23, 16), PackedInt32Array(28, 27, 26), PackedInt32Array(29, 21, 22), PackedInt32Array(31, 30, 28), PackedInt32Array(28, 26, 31), PackedInt32Array(31, 26, 29), PackedInt32Array(31, 29, 22), PackedInt32Array(31, 22, 32), PackedInt32Array(26, 34, 33), PackedInt32Array(26, 33, 29), PackedInt32Array(34, 26, 25), PackedInt32Array(25, 26, 35), PackedInt32Array(25, 35, 24), PackedInt32Array(37, 36, 38), PackedInt32Array(38, 36, 5), PackedInt32Array(5, 36, 4), PackedInt32Array(4, 36, 39), PackedInt32Array(7, 8, 38), PackedInt32Array(38, 8, 37), PackedInt32Array(41, 40, 10), PackedInt32Array(10, 40, 9), PackedInt32Array(44, 43, 42), PackedInt32Array(19, 14, 45), PackedInt32Array(45, 14, 42), PackedInt32Array(42, 14, 44), PackedInt32Array(40, 41, 46), PackedInt32Array(46, 41, 45), PackedInt32Array(46, 45, 42), PackedInt32Array(52, 51, 47), PackedInt32Array(47, 51, 50), PackedInt32Array(47, 50, 49), PackedInt32Array(47, 49, 48), PackedInt32Array(58, 57, 53), PackedInt32Array(53, 57, 56), PackedInt32Array(53, 56, 55), PackedInt32Array(53, 55, 54), PackedInt32Array(60, 59, 43), PackedInt32Array(43, 59, 42), PackedInt32Array(42, 59, 61), PackedInt32Array(61, 63, 62), PackedInt32Array(62, 46, 61), PackedInt32Array(61, 46, 42), PackedInt32Array(61, 65, 64), PackedInt32Array(61, 64, 66), PackedInt32Array(66, 68, 67), PackedInt32Array(39, 36, 69), PackedInt32Array(69, 63, 39), PackedInt32Array(39, 63, 61), PackedInt32Array(39, 61, 66), PackedInt32Array(39, 66, 67), PackedInt32Array(14, 15, 70), PackedInt32Array(70, 71, 14), PackedInt32Array(14, 71, 72), PackedInt32Array(14, 72, 44), PackedInt32Array(74, 73, 75), PackedInt32Array(75, 73, 76), PackedInt32Array(76, 73, 77), PackedInt32Array(77, 73, 71), PackedInt32Array(77, 78, 76), PackedInt32Array(73, 72, 71), PackedInt32Array(27, 79, 26), PackedInt32Array(26, 79, 35), PackedInt32Array(35, 79, 80), PackedInt32Array(82, 81, 83), PackedInt32Array(83, 81, 78), PackedInt32Array(80, 78, 77), PackedInt32Array(86, 85, 84), PackedInt32Array(86, 84, 87), PackedInt32Array(87, 84, 83), PackedInt32Array(83, 78, 87), PackedInt32Array(87, 78, 80), PackedInt32Array(87, 80, 88), PackedInt32Array(88, 80, 79), PackedInt32Array(31, 89, 30), PackedInt32Array(89, 31, 90), PackedInt32Array(90, 31, 92), PackedInt32Array(90, 92, 91), PackedInt32Array(90, 91, 87), PackedInt32Array(87, 88, 90), PackedInt32Array(60, 93, 59), PackedInt32Array(59, 93, 94), PackedInt32Array(94, 93, 95), PackedInt32Array(97, 96, 75), PackedInt32Array(75, 96, 74), PackedInt32Array(99, 98, 100), PackedInt32Array(100, 98, 97), PackedInt32Array(96, 97, 93), PackedInt32Array(93, 97, 98), PackedInt32Array(93, 98, 95), PackedInt32Array(95, 98, 101), PackedInt32Array(65, 61, 102), PackedInt32Array(102, 61, 103), PackedInt32Array(103, 61, 94), PackedInt32Array(94, 61, 59), PackedInt32Array(106, 105, 104), PackedInt32Array(109, 108, 107), PackedInt32Array(104, 111, 110), PackedInt32Array(110, 112, 104), PackedInt32Array(104, 112, 113), PackedInt32Array(104, 113, 109), PackedInt32Array(106, 67, 68), PackedInt32Array(106, 104, 67), PackedInt32Array(67, 104, 109), PackedInt32Array(67, 109, 107), PackedInt32Array(113, 112, 114), PackedInt32Array(105, 102, 104), PackedInt32Array(104, 102, 115), PackedInt32Array(115, 102, 103), PackedInt32Array(100, 117, 99), PackedInt32Array(99, 117, 116), PackedInt32Array(120, 119, 118), PackedInt32Array(120, 118, 121), PackedInt32Array(121, 118, 122), PackedInt32Array(117, 123, 116), PackedInt32Array(116, 123, 124), PackedInt32Array(124, 123, 125), PackedInt32Array(125, 123, 126), PackedInt32Array(122, 125, 121), PackedInt32Array(121, 125, 126), PackedInt32Array(123, 81, 126), PackedInt32Array(126, 81, 82), PackedInt32Array(128, 127, 115), PackedInt32Array(115, 127, 111), PackedInt32Array(115, 111, 104), PackedInt32Array(128, 130, 127), PackedInt32Array(127, 130, 129), PackedInt32Array(132, 131, 133), PackedInt32Array(133, 131, 134), PackedInt32Array(135, 101, 98), PackedInt32Array(134, 131, 135), PackedInt32Array(135, 131, 101), PackedInt32Array(101, 131, 136), PackedInt32Array(129, 130, 137), PackedInt32Array(137, 130, 136), PackedInt32Array(137, 136, 131), PackedInt32Array(120, 138, 119), PackedInt32Array(119, 138, 139), PackedInt32Array(140, 85, 141), PackedInt32Array(141, 85, 142), PackedInt32Array(142, 85, 86), PackedInt32Array(138, 85, 139), PackedInt32Array(139, 85, 143), PackedInt32Array(143, 85, 140), PackedInt32Array(141, 145, 144), PackedInt32Array(142, 145, 141), PackedInt32Array(134, 147, 133), PackedInt32Array(133, 147, 146), PackedInt32Array(125, 148, 124), PackedInt32Array(124, 148, 149), PackedInt32Array(151, 150, 152), PackedInt32Array(152, 150, 153), PackedInt32Array(149, 148, 154), PackedInt32Array(153, 155, 146), PackedInt32Array(146, 147, 149), PackedInt32Array(152, 153, 156), PackedInt32Array(156, 153, 146), PackedInt32Array(156, 146, 157), PackedInt32Array(157, 146, 149), PackedInt32Array(149, 154, 157), PackedInt32Array(158, 159, 143), PackedInt32Array(143, 159, 139), PackedInt32Array(159, 158, 157), PackedInt32Array(157, 158, 161), PackedInt32Array(157, 161, 156), PackedInt32Array(156, 161, 160), PackedInt32Array(161, 162, 160), PackedInt32Array(166, 165, 163), PackedInt32Array(163, 165, 164), PackedInt32Array(132, 167, 131), PackedInt32Array(131, 167, 137), PackedInt32Array(137, 167, 168), PackedInt32Array(170, 169, 171), PackedInt32Array(171, 169, 172), PackedInt32Array(173, 172, 174), PackedInt32Array(174, 172, 92), PackedInt32Array(92, 172, 175), PackedInt32Array(92, 175, 91), PackedInt32Array(173, 171, 172), PackedInt32Array(174, 176, 173), PackedInt32Array(178, 177, 179), PackedInt32Array(179, 177, 180), PackedInt32Array(179, 180, 168), PackedInt32Array(168, 180, 112), PackedInt32Array(168, 167, 179), PackedInt32Array(183, 182, 181), PackedInt32Array(181, 184, 183), PackedInt32Array(183, 184, 180), PackedInt32Array(180, 184, 186), PackedInt32Array(180, 186, 185), PackedInt32Array(184, 187, 186), PackedInt32Array(190, 189, 188), PackedInt32Array(188, 114, 112), PackedInt32Array(180, 185, 112), PackedInt32Array(112, 185, 188), PackedInt32Array(188, 185, 190), PackedInt32Array(190, 185, 191), PackedInt32Array(175, 172, 192), PackedInt32Array(195, 194, 193), PackedInt32Array(195, 193, 196), PackedInt32Array(196, 193, 160), PackedInt32Array(196, 160, 162), PackedInt32Array(196, 162, 197), PackedInt32Array(198, 141, 144), PackedInt32Array(197, 198, 196), PackedInt32Array(196, 198, 199), PackedInt32Array(199, 198, 144), PackedInt32Array(199, 144, 200), PackedInt32Array(187, 184, 201), PackedInt32Array(187, 201, 199), PackedInt32Array(199, 201, 196), PackedInt32Array(202, 199, 203), PackedInt32Array(203, 199, 200), PackedInt32Array(203, 200, 192), PackedInt32Array(203, 192, 172), PackedInt32Array(172, 169, 203), PackedInt32Array(177, 178, 153), PackedInt32Array(153, 178, 155), PackedInt32Array(150, 151, 204), PackedInt32Array(204, 151, 205), PackedInt32Array(193, 194, 205), PackedInt32Array(205, 194, 182), PackedInt32Array(205, 182, 206), PackedInt32Array(206, 182, 183), PackedInt32Array(206, 204, 205), PackedInt32Array(185, 208, 191), PackedInt32Array(191, 208, 207), PackedInt32Array(209, 202, 203), PackedInt32Array(209, 203, 208), PackedInt32Array(208, 203, 207), PackedInt32Array(207, 203, 210), PackedInt32Array(210, 203, 211), PackedInt32Array(108, 212, 107), PackedInt32Array(107, 212, 213), PackedInt32Array(212, 189, 213), PackedInt32Array(213, 189, 214), PackedInt32Array(214, 189, 190), PackedInt32Array(215, 211, 216), PackedInt32Array(216, 211, 203), PackedInt32Array(216, 203, 218), PackedInt32Array(216, 218, 217), PackedInt32Array(170, 218, 169), PackedInt32Array(169, 218, 203), PackedInt32Array(176, 174, 217), PackedInt32Array(217, 174, 220), PackedInt32Array(217, 220, 219), PackedInt32Array(217, 219, 216), PackedInt32Array(223, 222, 221), PackedInt32Array(223, 221, 214), PackedInt32Array(214, 221, 213), PackedInt32Array(213, 221, 224), PackedInt32Array(215, 225, 211), PackedInt32Array(211, 225, 210), PackedInt32Array(210, 225, 226), PackedInt32Array(229, 228, 227), PackedInt32Array(229, 227, 225), PackedInt32Array(225, 227, 221), PackedInt32Array(225, 221, 226), PackedInt32Array(226, 221, 222), PackedInt32Array(228, 230, 227), PackedInt32Array(227, 230, 231), PackedInt32Array(231, 230, 220), PackedInt32Array(230, 219, 220)]
geometry_parsed_geometry_type = 0

[sub_resource type="ProceduralSkyMaterial" id="ProceduralSkyMaterial_ss2w7"]
sky_top_color = Color(0, 0, 0, 1)
sky_horizon_color = Color(0.0425491, 0.0308954, 0.0285598, 1)
ground_bottom_color = Color(0.0680314, 0.0214168, 0.0120742, 1)
ground_horizon_color = Color(0.0425491, 0.0308954, 0.0285598, 1)

[sub_resource type="Sky" id="Sky_chtve"]
sky_material = SubResource("ProceduralSkyMaterial_ss2w7")

[sub_resource type="Environment" id="Environment_wflfl"]
background_mode = 2
sky = SubResource("Sky_chtve")
tonemap_mode = 2

[node name="NavigationRegion3D" type="NavigationRegion3D"]
navigation_mesh = SubResource("NavigationMesh_8u3dk")

[node name="DirectionalLight3D" type="DirectionalLight3D" parent="."]
transform = Transform3D(-0.563526, 0.824557, -0.0504321, 0, 0.0610485, 0.998135, 0.826098, 0.562475, -0.0344024, 0, 0, 0)
light_color = Color(0.0816898, 0.108334, 0.0198396, 1)
light_energy = 5.5
shadow_enabled = true
directional_shadow_max_distance = 1.0

[node name="WorldEnvironment" type="WorldEnvironment" parent="."]
environment = SubResource("Environment_wflfl")

[node name="CSGBox3D" type="CSGBox3D" parent="."]
transform = Transform3D(1, 0, 0, 0, 1, 0, 0, 0, 1, 0, -0.5, 0)
use_collision = true
size = Vector3(384, 1, 512)

[node name="Enemy" parent="." instance=ExtResource("1_kejgw")]
transform = Transform3D(0.866025, 0, 0.5, 0, 1, 0, -0.5, 0, 0.866025, -17.1916, 1, -20.9652)

[node name="Player" parent="." instance=ExtResource("2_8u3dk")]
transform = Transform3D(1, 0, 0, 0, 1, 0, 0, 0, 1, 0, 1, 5)
linear_damp = 3.0

[node name="Trees" type="Node" parent="."]

[node name="CSGBox3D2" type="CSGBox3D" parent="Trees"]
transform = Transform3D(0.921606, 0, -0.388127, 0, 1, 0, 0.388127, 0, 0.921606, 7, 6, 50.273)
use_collision = true
size = Vector3(1, 12, 1)

[node name="CSGBox3D25" type="CSGBox3D" parent="Trees"]
transform = Transform3D(0.921606, 0, -0.388127, 0, 1, 0, 0.388127, 0, 0.921606, 7, 6, 27.1965)
use_collision = true
size = Vector3(1, 12, 1)

[node name="CSGBox3D24" type="CSGBox3D" parent="Trees"]
transform = Transform3D(0.921606, 0, -0.388127, 0, 1, 0, 0.388127, 0, 0.921606, -2.85525, 6, -28.8376)
use_collision = true
size = Vector3(1, 12, 1)

[node name="CSGBox3D11" type="CSGBox3D" parent="Trees"]
transform = Transform3D(0.921606, 0, -0.388127, 0, 1, 0, 0.388127, 0, 0.921606, -11.8723, 6, 19.758)
use_collision = true
size = Vector3(1, 12, 1)

[node name="CSGBox3D23" type="CSGBox3D" parent="Trees"]
transform = Transform3D(0.921606, 0, -0.388127, 0, 1, 0, 0.388127, 0, 0.921606, -20.2223, 6, 3.31368)
use_collision = true
size = Vector3(1, 12, 1)

[node name="CSGBox3D21" type="CSGBox3D" parent="Trees"]
transform = Transform3D(0.921606, 0, -0.388127, 0, 1, 0, 0.388127, 0, 0.921606, -11.1658, 6, -13.3086)
use_collision = true
size = Vector3(1, 12, 1)

[node name="CSGBox3D18" type="CSGBox3D" parent="Trees"]
transform = Transform3D(0.921606, 0, -0.388127, 0, 1, 0, 0.388127, 0, 0.921606, -70.8188, 6, -23.2325)
use_collision = true
size = Vector3(1, 12, 1)

[node name="CSGBox3D3" type="CSGBox3D" parent="Trees"]
transform = Transform3D(0.763187, 0, 0.646177, 0, 1, 0, -0.646177, 0, 0.763187, 22.2188, 6, -126.244)
use_collision = true
size = Vector3(1, 12, 1)

[node name="CSGBox3D12" type="CSGBox3D" parent="Trees"]
transform = Transform3D(0.763187, 0, 0.646177, 0, 1, 0, -0.646177, 0, 0.763187, -79.7247, 6, -0.632997)
use_collision = true
size = Vector3(1, 12, 1)

[node name="CSGBox3D17" type="CSGBox3D" parent="Trees"]
transform = Transform3D(0.763187, 0, 0.646177, 0, 1, 0, -0.646177, 0, 0.763187, -38.0788, 6, -72.3702)
use_collision = true
size = Vector3(1, 12, 1)

[node name="CSGBox3D15" type="CSGBox3D" parent="Trees"]
transform = Transform3D(0.763187, 0, 0.646177, 0, 1, 0, -0.646177, 0, 0.763187, -140.692, 6, -44.2331)
use_collision = true
size = Vector3(1, 12, 1)

[node name="CSGBox3D5" type="CSGBox3D" parent="Trees"]
transform = Transform3D(0.763187, 0, 0.646177, 0, 1, 0, -0.646177, 0, 0.763187, 45.0577, 6, 181.227)
use_collision = true
size = Vector3(1, 12, 1)

[node name="CSGBox3D6" type="CSGBox3D" parent="Trees"]
transform = Transform3D(0.763187, 0, 0.646177, 0, 1, 0, -0.646177, 0, 0.763187, 141.356, 6, -109.614)
use_collision = true
size = Vector3(1, 12, 1)

[node name="CSGBox3D7" type="CSGBox3D" parent="Trees"]
transform = Transform3D(0.763187, 0, 0.646177, 0, 1, 0, -0.646177, 0, 0.763187, -134.433, 6, -210.614)
use_collision = true
size = Vector3(1, 12, 1)

[node name="CSGBox3D8" type="CSGBox3D" parent="Trees"]
transform = Transform3D(0.763187, 0, 0.646177, 0, 1, 0, -0.646177, 0, 0.763187, 150.296, 6, 84.1034)
use_collision = true
size = Vector3(1, 12, 1)

[node name="CSGBox3D9" type="CSGBox3D" parent="Trees"]
transform = Transform3D(0.763187, 0, 0.646177, 0, 1, 0, -0.646177, 0, 0.763187, 101.643, 6, 0.392749)
use_collision = true
size = Vector3(1, 12, 1)

[node name="CSGBox3D16" type="CSGBox3D" parent="Trees"]
transform = Transform3D(0.763187, 0, 0.646177, 0, 1, 0, -0.646177, 0, 0.763187, 12.9356, 6, -16.6333)
use_collision = true
size = Vector3(1, 12, 1)

[node name="CSGBox3D19" type="CSGBox3D" parent="Trees"]
transform = Transform3D(0.763187, 0, 0.646177, 0, 1, 0, -0.646177, 0, 0.763187, 18.3849, 6, 3.48217)
use_collision = true
size = Vector3(1, 12, 1)

[node name="CSGBox3D22" type="CSGBox3D" parent="Trees"]
transform = Transform3D(0.763187, 0, 0.646177, 0, 1, 0, -0.646177, 0, 0.763187, 5.47094, 6, 13.5704)
use_collision = true
size = Vector3(1, 12, 1)

[node name="CSGBox3D20" type="CSGBox3D" parent="Trees"]
transform = Transform3D(0.763187, 0, 0.646177, 0, 1, 0, -0.646177, 0, 0.763187, 6.03701, 6, -6.90491)
use_collision = true
size = Vector3(1, 12, 1)

[node name="CSGBox3D10" type="CSGBox3D" parent="Trees"]
transform = Transform3D(0.763187, 0, 0.646177, 0, 1, 0, -0.646177, 0, 0.763187, -54.8005, 6, -176.628)
use_collision = true
size = Vector3(1, 12, 1)

[node name="CSGBox3D13" type="CSGBox3D" parent="Trees"]
transform = Transform3D(0.763187, 0, 0.646177, 0, 1, 0, -0.646177, 0, 0.763187, 91.793, 6, -213.439)
use_collision = true
size = Vector3(1, 12, 1)

[node name="CSGBox3D14" type="CSGBox3D" parent="Trees"]
transform = Transform3D(0.763187, 0, 0.646177, 0, 1, 0, -0.646177, 0, 0.763187, -39.1542, 6, 144.198)
use_collision = true
size = Vector3(1, 12, 1)

[node name="CSGBox3D4" type="CSGBox3D" parent="Trees"]
transform = Transform3D(0.99935, 0, 0.0360507, 0, 1, 0, -0.0360507, 0, 0.99935, -148.897, 6, 66.6784)
use_collision = true
size = Vector3(1, 12, 1)

[node name="CSGBox3D11" type="CSGBox3D" parent="."]
transform = Transform3D(0.707107, 0, 0.707107, 0, 1, 0, -0.707107, 0, 0.707107, -117.595, 3, -160.81)
use_collision = true
size = Vector3(8, 6, 6)
